10111111001000010110010010011100
10111110000011010110100001100010
01000111100110100110100110101111
01110110000100011010000001011010
00001000101010011110100101110100
01101101100010100110001000010011
11100001011111011111000001111011
10110100100111010111100000011010
01110100100111000000101010101110
10010101011000011101011110101010
01101011100100010100001100011000
11100000100101101110100000110000
11110110101111111110010000000011
00110100101011010110100110011101
10010110010001110011000101100101
01000001101011011000001100000010
11001101110101000000001010110110
01110101101111000010101111111010
01000101100111011001110110111111
10001011010000010000111000111001
