10001100000011111011100110101010
01001001000011011110110000100110
11110011111110110100010001000101
00011111111100100001101001100110
11111000001101100011111101011111
01111110101001011110000111100111
10001101011100011110010011001100
01101110110011010110100101001111
00010101000001001000010101011110
00110100101111011111001101011011
11001110101110101000000011010000
11011011010000000010010111011000
01111010100110111010101111110011
00110101010011000011001011110011
00100100011110111110111111100101
11011110100000010010010010010000
00000101010011010111011001001010
00110001111010001101100010110000
01110101001100111110001100110111
10001010011110000001101111001110
