01001011001100010001111001000111
00000111000110110101010010001000
00111011100101011010110111110100
10010110000000111011101011000001
00000000111000000010100011010100
11101100001100000100001111111011
01101110111011111101010101001000
00100011011010101110000101101001
10001001101000001001000000001100
11001010000111111100101100000101
00111010010010111100001111101001
10111011110101110000111000001000
01110001010110111000111111110111
01101001111110011001110010010000
10111010110000110010000101001010
00100000001011101010011110010010
11010011001000010111100100000001
10100111101001010000010010101011
10111010110100011000000011110111
00010101101110010010101000000111
